Linear fit method results:
 VA=-12467.6+/-243.33mV   VCE/IC=529.71+/-9.42543 V/A
g=0.00188783+/-3.35912e-05
